> x <- rnorm(100)
> str(x)
 num [1:100] 1.395 -1.273 -1.482 0.405 -0.392 ...
> y <- gl(10, 10)
> y
  [1] 1  1  1  1  1  1  1  1  1  1  2  2  2  2  2  2  2  2  2  2  3  3  3  3  3  3  3  3  3  3  4  4  4  4  4  4 
 [37] 4  4  4  4  5  5  5  5  5  5  5  5  5  5  6  6  6  6  6  6  6  6  6  6  7  7  7  7  7  7  7  7  7  7  8  8 
 [73] 8  8  8  8  8  8  8  8  9  9  9  9  9  9  9  9  9  9  10 10 10 10 10 10 10 10 10 10
Levels: 1 2 3 4 5 6 7 8 9 10
> str(y)
 Factor w/ 10 levels "1","2","3","4",..: 1 1 1 1 1 1 1 1 1 1 ...
> getwd()
[1] "/Users/shantanupawar/Desktop/Coursera/R-programming/Directory/untitled folder"
> str(body)
function (fun = sys.function(sys.parent()))  
> str("body.txt")
 chr "body.txt"
> x <- read.table("body.txt", header=TRUE)
> str(x)
'data.frame':	507 obs. of  4 variables:
 $ age   : int  21 23 28 23 22 21 26 27 23 21 ...
 $ weight: num  65.6 71.8 80.7 72.6 78.8 74.8 86.4 78.4 62 81.6 ...
 $ height: num  174 175 194 186 187 ...
 $ gender: Factor w/ 2 levels "Female","Male": 2 2 2 2 2 2 2 2 2 2 ...
> maledata
$Female
    age weight height gender
248  22   51.6  161.2 Female
249  20   59.0  167.5 Female
250  19   49.2  159.5 Female
251  25   63.0  157.0 Female
252  21   53.6  155.8 Female
253  23   59.0  170.0 Female
254  26   47.6  159.1 Female
255  22   69.8  166.0 Female
256  28   66.8  176.2 Female
257  40   75.2  160.2 Female
258  32   55.2  172.5 Female
259  25   54.2  170.9 Female
260  25   62.5  172.9 Female
261  29   42.0  153.4 Female
262  22   50.0  160.0 Female
263  25   49.8  147.2 Female
264  23   49.2  168.2 Female
265  37   73.2  175.0 Female
266  19   47.8  157.0 Female
267  23   68.8  167.6 Female
268  25   50.6  159.5 Female
269  26   82.5  175.0 Female
270  24   57.2  166.8 Female
271  29   87.8  176.5 Female
272  22   72.8  170.2 Female
273  30   54.5  174.0 Female
274  23   59.8  173.0 Female
275  38   67.3  179.9 Female
276  23   67.8  170.5 Female
277  19   47.0  160.0 Female
278  46   46.2  154.4 Female
279  20   55.0  162.0 Female
280  22   83.0  176.5 Female
281  25   54.4  160.0 Female
282  21   45.8  152.0 Female
283  23   53.6  162.1 Female
284  31   73.2  170.0 Female
285  29   52.1  160.2 Female
286  19   67.9  161.3 Female
287  21   56.6  166.4 Female
288  23   62.3  168.9 Female
289  24   58.5  163.8 Female
290  20   54.5  167.6 Female
291  19   50.2  160.0 Female
292  20   60.3  161.3 Female
293  19   58.3  167.6 Female
294  20   56.2  165.1 Female
295  19   50.2  160.0 Female
296  22   72.9  170.0 Female
297  39   59.8  157.5 Female
298  18   61.0  167.6 Female
299  19   69.1  160.7 Female
300  26   55.9  163.2 Female
301  20   46.5  152.4 Female
302  20   54.3  157.5 Female
303  26   54.8  168.3 Female
304  21   60.7  180.3 Female
305  21   60.0  165.5 Female
306  38   62.0  165.0 Female
307  23   60.3  164.5 Female
308  37   52.7  156.0 Female
309  19   74.3  160.0 Female
310  25   62.0  163.0 Female
311  20   73.1  165.7 Female
312  41   80.0  161.0 Female
313  26   54.7  162.0 Female
314  21   53.2  166.0 Female
315  47   75.7  174.0 Female
316  19   61.1  172.7 Female
317  44   55.7  167.6 Female
318  35   48.7  151.1 Female
319  32   52.3  164.5 Female
320  46   50.0  163.5 Female
321  22   59.3  152.0 Female
322  49   62.5  169.0 Female
323  52   55.7  164.0 Female
324  25   54.8  161.2 Female
325  48   45.9  155.0 Female
326  41   70.6  170.0 Female
327  18   67.2  176.2 Female
328  30   69.4  170.0 Female
329  20   58.2  162.5 Female
330  24   64.8  170.3 Female
331  23   71.6  164.1 Female
332  30   52.8  169.5 Female
333  23   59.8  163.2 Female
334  45   49.0  154.5 Female
335  20   50.0  159.8 Female
336  20   69.2  173.2 Female
337  23   55.9  170.0 Female
338  21   63.4  161.4 Female
339  28   58.2  169.0 Female
340  45   58.6  166.2 Female
341  24   45.7  159.4 Female
342  25   52.2  162.5 Female
343  19   48.6  159.0 Female
344  20   57.8  162.8 Female
345  29   55.6  159.0 Female
346  24   66.8  179.8 Female
347  24   59.4  162.9 Female
348  25   53.6  161.0 Female
349  31   73.2  151.1 Female
350  22   53.4  168.2 Female
351  20   69.0  168.9 Female
352  32   58.4  173.2 Female
353  25   56.2  171.8 Female
354  19   70.6  178.0 Female
355  23   59.8  164.3 Female
356  22   72.0  163.0 Female
357  20   65.2  168.5 Female
358  27   56.6  166.8 Female
359  34  105.2  172.7 Female
360  25   51.8  163.5 Female
361  26   63.4  169.4 Female
362  19   59.0  167.8 Female
363  26   47.6  159.5 Female
364  25   63.0  167.6 Female
365  20   55.2  161.2 Female
366  21   45.0  160.0 Female
367  18   54.0  163.2 Female
368  19   50.2  162.2 Female
369  27   60.2  161.3 Female
370  26   44.8  149.5 Female
371  36   58.8  157.5 Female
372  20   56.4  163.2 Female
373  28   62.0  172.7 Female
374  32   49.2  155.0 Female
375  32   67.2  156.5 Female
376  23   53.8  164.0 Female
377  20   54.4  160.9 Female
378  20   58.0  162.8 Female
379  20   59.8  167.0 Female
380  23   54.8  160.0 Female
381  20   43.2  160.0 Female
382  28   60.5  168.9 Female
383  23   46.4  158.2 Female
384  19   64.4  156.0 Female
385  28   48.8  160.0 Female
386  19   62.2  167.1 Female
387  29   55.5  158.0 Female
388  32   57.8  167.6 Female
389  20   54.6  156.0 Female
390  28   59.2  162.1 Female
391  36   52.7  173.4 Female
392  22   53.2  159.8 Female
393  20   64.5  170.5 Female
394  22   51.8  159.2 Female
395  32   56.0  157.5 Female
396  40   63.6  161.3 Female
397  40   63.2  162.6 Female
398  42   59.5  160.0 Female
399  40   56.8  168.9 Female
400  44   64.1  165.1 Female
401  30   50.0  162.6 Female
402  28   72.3  165.1 Female
403  37   55.0  166.4 Female
404  40   55.9  160.0 Female
405  45   60.4  152.4 Female
406  35   69.1  170.2 Female
407  41   84.5  162.6 Female
408  27   55.9  170.2 Female
409  20   55.5  158.8 Female
410  24   69.5  172.7 Female
411  36   76.4  167.6 Female
412  27   61.4  162.6 Female
413  32   65.9  167.6 Female
414  64   58.6  156.2 Female
415  21   66.8  175.2 Female
416  32   56.6  172.1 Female
417  35   58.6  162.6 Female
418  41   55.9  160.0 Female
419  40   59.1  165.1 Female
420  29   81.8  182.9 Female
421  40   70.7  166.4 Female
422  24   56.8  165.1 Female
423  23   60.0  177.8 Female
424  41   58.2  165.1 Female
425  44   72.7  175.3 Female
426  53   54.1  154.9 Female
427  19   49.1  158.8 Female
428  24   75.9  172.7 Female
429  25   55.0  168.9 Female
430  20   57.3  161.3 Female
431  34   55.0  167.6 Female
432  32   65.5  165.1 Female
433  24   65.5  175.3 Female
434  29   48.6  157.5 Female
435  31   58.6  163.8 Female
436  34   63.6  167.6 Female
437  36   55.2  165.1 Female
438  32   62.7  165.1 Female
439  39   56.6  168.9 Female
440  37   53.9  162.6 Female
441  52   63.2  164.5 Female
442  24   73.6  176.5 Female
443  33   62.0  168.9 Female
444  42   63.6  175.3 Female
445  34   53.2  159.4 Female
446  37   53.4  160.0 Female
447  39   55.0  170.2 Female
448  41   70.5  162.6 Female
449  36   54.5  167.6 Female
450  19   54.5  162.6 Female
451  22   55.9  160.7 Female
452  23   59.0  160.0 Female
453  36   63.6  157.5 Female
454  45   54.5  162.6 Female
455  25   47.3  152.4 Female
456  67   67.7  170.2 Female
457  26   80.9  165.1 Female
458  21   70.5  172.7 Female
459  33   60.9  165.1 Female
460  25   63.6  170.2 Female
461  24   54.5  170.2 Female
462  21   59.1  170.2 Female
463  35   70.5  161.3 Female
464  27   52.7  167.6 Female
465  27   62.7  167.6 Female
466  26   86.3  165.1 Female
467  25   66.4  162.6 Female
468  44   67.3  152.4 Female
469  29   63.0  168.9 Female
470  26   73.6  170.2 Female
471  23   62.3  175.2 Female
472  32   57.7  175.2 Female
473  32   55.4  160.0 Female
474  43  104.1  165.1 Female
475  32   55.5  174.0 Female
476  41   77.3  170.2 Female
477  33   80.5  160.0 Female
478  28   64.5  167.6 Female
479  28   72.3  167.6 Female
480  25   61.4  167.6 Female
481  38   58.2  154.9 Female
482  37   81.8  162.6 Female
483  25   63.6  175.3 Female
484  37   53.4  171.4 Female
485  27   54.5  157.5 Female
486  27   53.6  165.1 Female
487  20   60.0  160.0 Female
488  19   73.6  174.0 Female
489  32   61.4  162.6 Female
490  26   55.5  174.0 Female
491  56   63.6  162.6 Female
492  23   60.9  161.3 Female
493  19   60.0  156.2 Female
494  31   46.8  149.9 Female
495  34   57.3  169.5 Female
496  34   64.1  160.0 Female
497  24   63.6  175.3 Female
498  22   67.3  169.5 Female
499  34   75.5  160.0 Female
500  30   68.2  172.7 Female
501  32   61.4  162.6 Female
502  40   76.8  157.5 Female
503  29   71.8  176.5 Female
504  21   55.5  164.4 Female
505  33   48.6  160.7 Female
506  33   66.4  174.0 Female
507  38   67.3  163.8 Female

$Male
    age weight height gender
1    21   65.6  174.0   Male
2    23   71.8  175.3   Male
3    28   80.7  193.5   Male
4    23   72.6  186.5   Male
5    22   78.8  187.2   Male
6    21   74.8  181.5   Male
7    26   86.4  184.0   Male
8    27   78.4  184.5   Male
9    23   62.0  175.0   Male
10   21   81.6  184.0   Male
11   23   76.6  180.0   Male
12   22   83.6  177.8   Male
13   20   90.0  192.0   Male
14   26   74.6  176.0   Male
15   23   71.0  174.0   Male
16   22   79.6  184.0   Male
17   30   93.8  192.7   Male
18   22   70.0  171.5   Male
19   29   72.4  173.0   Male
20   22   85.9  176.0   Male
21   22   78.8  176.0   Male
22   20   77.8  180.5   Male
23   22   66.2  172.7   Male
24   24   86.4  176.0   Male
25   26   81.8  173.5   Male
26   24   89.6  178.0   Male
27   21   82.8  180.3   Male
28   24   76.4  180.3   Male
29   23   63.2  164.5   Male
30   19   60.9  173.0   Male
31   23   74.8  183.5   Male
32   25   70.0  175.5   Male
33   23   72.4  188.0   Male
34   23   84.1  189.2   Male
35   23   69.1  172.8   Male
36   20   59.5  170.0   Male
37   22   67.2  182.0   Male
38   24   61.3  170.0   Male
39   22   68.6  177.8   Male
40   24   80.1  184.2   Male
41   21   87.8  186.7   Male
42   23   84.7  171.4   Male
43   24   73.4  172.7   Male
44   35   72.1  175.3   Male
45   29   82.6  180.3   Male
46   25   88.7  182.9   Male
47   23   84.1  188.0   Male
48   20   94.1  177.2   Male
49   25   74.9  172.1   Male
50   29   59.1  167.0   Male
51   23   75.6  169.5   Male
52   23   86.2  174.0   Male
53   36   75.3  172.7   Male
54   25   87.1  182.2   Male
55   24   55.2  164.1   Male
56   20   57.0  163.0   Male
57   52   61.4  171.5   Male
58   50   76.8  184.2   Male
59   46   86.8  174.0   Male
60   51   72.2  174.0   Male
61   28   71.6  177.0   Male
62   48   84.8  186.0   Male
63   35   68.2  167.0   Male
64   23   66.1  171.8   Male
65   23   72.0  182.0   Male
66   62   64.6  167.0   Male
67   21   74.8  177.8   Male
68   26   70.0  164.5   Male
69   33  101.6  192.0   Male
70   36   63.2  175.5   Male
71   41   79.1  171.2   Male
72   40   78.9  181.6   Male
73   27   67.7  167.4   Male
74   27   66.0  181.1   Male
75   23   68.2  177.0   Male
76   31   63.9  174.5   Male
77   26   72.0  177.5   Male
78   23   56.8  170.5   Male
79   24   74.5  182.4   Male
80   24   90.9  197.1   Male
81   34   93.0  180.1   Male
82   21   80.9  175.5   Male
83   25   72.7  180.6   Male
84   34   68.0  184.4   Male
85   31   70.9  175.5   Male
86   40   72.5  180.6   Male
87   21   72.5  177.0   Male
88   33   83.4  177.1   Male
89   25   75.5  181.6   Male
90   29   73.0  176.5   Male
91   27   70.2  175.0   Male
92   44   73.4  174.0   Male
93   26   70.5  165.1   Male
94   22   68.9  177.0   Male
95   37  102.3  192.0   Male
96   38   68.4  176.5   Male
97   20   65.9  169.4   Male
98   21   75.7  182.1   Male
99   24   84.5  179.8   Male
100  45   87.7  175.3   Male
101  25   86.4  184.9   Male
102  22   73.2  177.3   Male
103  29   53.9  167.4   Male
104  37   72.0  178.1   Male
105  20   55.5  168.9   Male
106  20   58.4  157.2   Male
107  32   83.2  180.3   Male
108  23   72.7  170.2   Male
109  25   64.1  177.8   Male
110  27   72.3  172.7   Male
111  21   65.0  165.1   Male
112  27   86.4  186.7   Male
113  25   65.0  165.1   Male
114  38   88.6  174.0   Male
115  44   84.1  175.3   Male
116  27   66.8  185.4   Male
117  37   75.5  177.8   Male
118  28   93.2  180.3   Male
119  33   82.7  180.3   Male
120  25   58.0  177.8   Male
121  21   79.5  177.8   Male
122  30   78.6  177.8   Male
123  26   71.8  177.8   Male
124  27  116.4  177.8   Male
125  33   72.2  163.8   Male
126  29   83.6  188.0   Male
127  27   85.5  198.1   Male
128  34   90.9  175.3   Male
129  42   85.9  166.4   Male
130  29   89.1  190.5   Male
131  41   75.0  166.4   Male
132  43   77.7  177.8   Male
133  43   86.4  179.7   Male
134  29   90.9  172.7   Male
135  27   73.6  190.5   Male
136  62   76.4  185.4   Male
137  33   69.1  168.9   Male
138  45   84.5  167.6   Male
139  30   64.5  175.3   Male
140  20   69.1  170.2   Male
141  22  108.6  190.5   Male
142  51   86.4  177.8   Male
143  34   80.9  190.5   Male
144  44   87.7  177.8   Male
145  46   94.5  184.2   Male
146  34   80.2  176.5   Male
147  32   72.0  177.8   Male
148  28   71.4  180.3   Male
149  31   72.7  171.4   Male
150  29   84.1  172.7   Male
151  42   76.8  172.7   Male
152  29   63.6  177.8   Male
153  31   80.9  177.8   Male
154  30   80.9  182.9   Male
155  27   85.5  170.2   Male
156  25   68.6  167.6   Male
157  24   67.7  175.3   Male
158  33   66.4  165.1   Male
159  45  102.3  185.4   Male
160  37   70.5  181.6   Male
161  44   95.9  172.7   Male
162  34   84.1  190.5   Male
163  55   87.3  179.1   Male
164  43   71.8  175.3   Male
165  24   65.9  170.2   Male
166  22   95.9  193.0   Male
167  38   91.4  171.4   Male
168  24   81.8  177.8   Male
169  29   96.8  177.8   Male
170  25   69.1  167.6   Male
171  37   82.7  167.6   Male
172  30   75.5  180.3   Male
173  26   79.5  182.9   Male
174  35   73.6  176.5   Male
175  29   91.8  186.7   Male
176  30   84.1  188.0   Male
177  37   85.9  188.0   Male
178  34   81.8  177.8   Male
179  28   82.5  174.0   Male
180  27   80.5  177.8   Male
181  32   70.0  171.4   Male
182  28   81.8  185.4   Male
183  22   84.1  185.4   Male
184  44   90.5  188.0   Male
185  25   91.4  188.0   Male
186  49   89.1  182.9   Male
187  54   85.0  176.5   Male
188  49   69.1  175.3   Male
189  60   73.6  175.3   Male
190  42   80.5  188.0   Male
191  52   82.7  188.0   Male
192  23   86.4  175.3   Male
193  33   67.7  170.5   Male
194  46   92.7  179.1   Male
195  43   93.6  177.8   Male
196  56   70.9  175.3   Male
197  21   75.0  182.9   Male
198  18   93.2  170.8   Male
199  21   93.2  188.0   Male
200  45   77.7  180.3   Male
201  22   61.4  177.8   Male
202  55   94.1  185.4   Male
203  42   75.0  168.9   Male
204  29   83.6  185.4   Male
205  40   85.5  180.3   Male
206  24   73.9  174.0   Male
207  62   66.8  167.6   Male
208  26   87.3  182.9   Male
209  35   72.3  160.0   Male
210  37   88.6  180.3   Male
211  34   75.5  167.6   Male
212  25  101.4  186.7   Male
213  30   91.1  175.3   Male
214  32   67.3  175.3   Male
215  27   77.7  175.9   Male
216  42   81.8  175.3   Male
217  44   75.5  179.1   Male
218  46   84.5  181.6   Male
219  19   76.6  177.8   Male
220  43   85.0  182.9   Male
221  28  102.5  177.8   Male
222  39   77.3  184.2   Male
223  30   71.8  179.1   Male
224  36   87.9  176.5   Male
225  48   94.3  188.0   Male
226  48   70.9  174.0   Male
227  53   64.5  167.6   Male
228  45   77.3  170.2   Male
229  39   72.3  167.6   Male
230  43   87.3  188.0   Male
231  65   80.0  174.0   Male
232  45   82.3  176.5   Male
233  37   73.6  180.3   Male
234  55   74.1  167.6   Male
235  33   85.9  188.0   Male
236  25   73.2  180.3   Male
237  35   76.3  167.6   Male
238  28   65.9  183.0   Male
239  26   90.9  183.0   Male
240  43   89.1  179.1   Male
241  30   62.3  170.2   Male
242  26   82.7  177.8   Male
243  51   79.1  179.1   Male
244  30   98.2  190.5   Male
245  24   84.1  177.8   Male
246  35   83.2  180.3   Male
247  37   83.2  180.3   Male

> str(maledata)
List of 2
 $ Female:'data.frame':	260 obs. of  4 variables:
  ..$ age   : int [1:260] 22 20 19 25 21 23 26 22 28 40 ...
  ..$ weight: num [1:260] 51.6 59 49.2 63 53.6 59 47.6 69.8 66.8 75.2 ...
  ..$ height: num [1:260] 161 168 160 157 156 ...
  ..$ gender: Factor w/ 2 levels "Female","Male": 1 1 1 1 1 1 1 1 1 1 ...
 $ Male  :'data.frame':	247 obs. of  4 variables:
  ..$ age   : int [1:247] 21 23 28 23 22 21 26 27 23 21 ...
  ..$ weight: num [1:247] 65.6 71.8 80.7 72.6 78.8 74.8 86.4 78.4 62 81.6 ...
  ..$ height: num [1:247] 174 175 194 186 187 ...
  ..$ gender: Factor w/ 2 levels "Female","Male": 2 2 2 2 2 2 2 2 2 2 ...
> print(rnorm(100, 0, 1))
  [1]  0.392254673 -0.753876220 -1.031646998 -0.146468865  0.024844510  0.236036015  0.926559031 -0.643241264
  [9]  1.318501172 -1.147303454  1.147802304 -0.718989788 -0.042351254 -0.157031505  0.688358332  0.099429190
 [17]  2.057481672  0.233688435  1.195279247 -0.431130599 -1.497616213 -0.794696925  0.010219785  0.455632261
 [25] -0.302954860  0.526063710 -0.354873644 -0.179546854 -1.223273048  0.005387759 -1.304287965 -0.297412149
 [33] -1.820775363  0.965268223 -0.833543241  1.291830013  0.024386546  0.561444052 -0.709909962  2.068931220
 [41] -0.259575991  0.823182351 -1.437255063 -0.387568066  0.066917502  0.726977834  1.082650091  0.335884195
 [49]  0.700317771  0.647308296  1.911619579 -0.376456891 -0.837555398 -2.073293597  1.012467834  0.612679814
 [57] -0.106423487 -1.325489513 -0.394634607 -0.544665090 -0.163434876  0.378143529 -0.638875155 -0.881859201
 [65] -0.718939961  0.043772731  0.764616934  2.669846341  0.544171068  0.490856975  0.021990149  1.452124852
 [73]  0.861097855  0.403977078  0.781627332  0.271927417  1.477299054 -0.457576391 -1.475602276 -0.224056566
 [81]  0.023685079  0.316395405 -0.724327034  0.049378546 -0.963278579 -1.254454281 -0.888660237 -1.208431507
 [89] -1.346314783  1.600453682  1.308811682 -0.472014236 -0.258114459 -0.101965381 -0.931206721 -1.949269044
 [97]  2.325158765  0.418310214  1.484089621  1.321225788
> x<-rnorm(100, 0, 1)
> sum(x)
[1] -12.58139
> x
  [1] -1.6057219883 -0.5174495483 -1.3547808455 -0.9713434517 -0.8407406888  1.5076029279  0.5944592796
  [8]  0.5911982063  0.0853946916 -0.8170363340 -0.4475721405  0.6533563861 -0.0700579364 -0.4944907159
 [15]  1.3752010581  0.5560033079  1.5854431499 -0.5375482887  0.2941585174 -0.4215618494 -0.8764188156
 [22] -0.5111863187  0.5340425574 -0.2534373407 -0.0045319852 -0.5582534890  0.0598154983  1.1804456368
 [29] -0.9239228100  0.3566001113 -0.1867176835 -0.4858180582 -0.3017266817  1.3538288604 -0.3912083147
 [36] -1.6999732778 -1.0596388590  1.7972355580 -0.1211733002 -1.4378222794  1.1051262628  0.4810813236
 [43] -1.2588769598 -0.2083519002 -0.2610248702  2.1138899129 -0.1687194651 -0.8391359908 -1.2625478496
 [50]  1.5493062874  0.5233331430 -1.2376237782 -2.0955010296 -1.0943203967  0.5028453397 -0.0068754535
 [57]  1.7695204712 -0.8347940731  0.4458168959 -0.0004949059 -0.4539141172 -0.2442121718  1.3984192438
 [64]  0.5506957788 -0.4565702604 -0.4429682916 -0.6780018316 -0.7552530581 -1.0495244036  0.4096427537
 [71] -0.2086588038  0.1765582165  0.2068284977  0.3099930477 -1.4013769921  0.2193639318 -0.3104999205
 [78] -0.8182513533  0.5146846889 -0.3913724991  0.3566114749  0.2894734540 -0.7270618273  0.4539717852
 [85]  1.4251627478 -2.1241708384  0.5462919634 -0.2746724815 -1.8766123320 -0.8367120626  0.9032289732
 [92]  1.0075449046 -2.6835563409  0.2889567552  0.1010574154 -2.8632809995  1.4772401199  1.2112369537
 [99]  0.6967371684 -1.3857284582
> summary(x)
   Min. 1st Qu.  Median    Mean 3rd Qu.    Max. 
-2.8630 -0.8173 -0.1975 -0.1258  0.5168  2.1140 
> x <- rnorm(20, 20, 1)
> x
 [1] 21.99407 19.97156 22.89014 19.87717 19.44374 18.34501 22.77939 21.19092 20.87532 20.22006 19.63081 21.18869
[13] 18.36987 21.87600 20.26823 19.10496 19.19264 19.93038 21.07684 21.95017
> summary(x)
   Min. 1st Qu.  Median    Mean 3rd Qu.    Max. 
  18.35   19.58   20.24   20.51   21.36   22.89 
> sum(x)
[1] 410.176
> mean(x)
[1] 20.5088
> median(x)
[1] 20.24415
> 